460
-150
-800
-50
-430
100
-430
100
450
460
450
450
200
-800
-500
-200
-450
-490
-450
-480
-1470
-1390
-720
-720
110
120
-0
-300
460
460
490
430
500
-100
400
400
-120
130
-90
-600
-110
-50
-50
-130
-110
-200
170
170
130
130
130
110
-170
-420
50
-420
-100
-140
-140
110
110
110
-110
100
-90
300
-180
100
-200
110
-300
-140
-620
-650
-680
-300
-100
100
-200
800
-110
-140
-170
-110
450
450
450
420
-100
150
120
120
420
100
100
100
200
400
400
100
-620
100
-600
-600
-420
-480
-450
-450
-280
-120
-200
300
660
660
660
660
-140
50
-140
150
-420
-420
-490
-450
100
-50
-170
-110
120
120
120
120
620
620
620
600
140
140
140
-50
-680
-1430
100
-1430
